0.38895168900489807
0.40562328696250916
0.44340911507606506
0.4362296462059021
0.3861827850341797
0.42509838938713074
0.41535887122154236
0.41477295756340027
0.39975491166114807
0.4389229714870453
0.4313962161540985
0.5321120023727417
0.5060737729072571
0.37140655517578125
0.48825013637542725
0.5025284886360168
0.4388265013694763
0.5052381753921509
0.49875369668006897
0.4497731924057007
0.41039589047431946
0.5321811437606812
0.5181437134742737
0.5517204403877258
0.45764219760894775
0.42409083247184753
0.40885165333747864
0.4803799092769623
0.4282917380332947
0.550092339515686
0.5199313759803772
0.5818743109703064
0.5837929844856262
0.6594025492668152
0.6620249152183533
0.650799572467804
0.5399591326713562
0.5505470633506775
0.5687032341957092
0.5063793063163757
0.5265141725540161
0.5476022362709045
0.44231119751930237
0.45382562279701233
0.44887664914131165
0.43965426087379456
0.4184805154800415
0.4596974551677704
0.5425546169281006
0.4514238238334656
0.5457783341407776
0.5552428960800171
0.48158881068229675
0.4827505350112915
0.4732119143009186
0.4101789891719818
0.3856546878814697
0.3943859040737152
0.4917554557323456
0.536648690700531
0.5510204434394836
0.502726674079895
0.49903908371925354
0.42727601528167725
0.37750735878944397
0.5095899105072021
0.5658852458000183
0.6942529082298279
0.6142601370811462
0.4699483811855316
0.4941032826900482
0.473135381937027
0.503358006477356
0.5098249912261963
0.6391434669494629
0.6507223844528198
0.6472137570381165
0.7332541942596436
0.4604121446609497
0.49539411067962646
0.44193848967552185
0.42685648798942566
0.5400776267051697
0.5324839949607849
0.44386038184165955
0.5291418433189392
0.4306768476963043
0.45392513275146484
0.46138325333595276
0.48963436484336853
0.542781412601471
0.4870471656322479
0.43713775277137756
0.46925175189971924
0.3685898780822754
0.45835375785827637
0.47551923990249634
0.4874873757362366
0.5049648880958557
0.5015111565589905
0.4964475631713867
0.5950081944465637
0.6452296376228333
0.729246199131012
0.7372116446495056
0.7627958059310913
0.7249290347099304
0.7358947992324829
0.7594569325447083
0.7322389483451843
0.4569758474826813
0.4828035831451416
0.4883977174758911
0.538851261138916
0.5864483714103699
0.612993597984314
0.509501039981842
0.45027977228164673
0.45994046330451965
0.4515712261199951
0.48459434509277344
0.497804194688797
0.523095965385437
0.5253799557685852
0.5083972811698914
0.49687299132347107
0.521601140499115
0.5402200818061829
0.5284857749938965
0.5438938140869141
0.5694369673728943
0.546438455581665
0.32621458172798157
0.4586734175682068
0.3891085386276245
0.423584520816803
0.4449171721935272
0.42127862572669983
0.5313133597373962
0.5179773569107056
0.5190763473510742
0.5079305171966553
0.585453987121582
0.5147395133972168
0.47797876596450806
0.4706924557685852
0.5185912251472473
0.5880520343780518
0.6621800065040588
0.7471566796302795
0.3735801577568054
0.40569618344306946
0.4014047086238861
0.4520776569843292
0.4227132201194763
0.4606352150440216
0.5192992091178894
0.48481935262680054
0.4473651945590973
0.5887713432312012
0.4808475971221924
0.5629428625106812
0.30327126383781433
0.31761354207992554
0.4480854868888855
0.4005145728588104
0.3437492549419403
0.368308961391449
0.4166197180747986
0.3438224196434021
0.39853161573410034
0.42265766859054565
0.49002039432525635
0.6149101257324219
0.5974138975143433
0.4788861572742462
0.5095503926277161
0.4573465585708618
0.4449622929096222
0.46628692746162415
0.57988440990448
0.551284909248352
0.6049288511276245
0.5724084973335266
0.5301865935325623
0.4889804422855377
0.4412851631641388
0.45979613065719604
0.4519215226173401
0.4492908716201782
0.32618945837020874
0.36606845259666443
0.3931141197681427
0.5298922657966614
0.5396896600723267
0.6356436014175415
0.6125917434692383
0.6314440369606018
0.637235701084137
0.6133078932762146
0.3031565546989441
0.36622342467308044
0.46939197182655334
0.5005100965499878
0.42721042037010193
0.5607419013977051
0.6574301719665527
0.6440156698226929
0.6507277488708496
0.7194600701332092
0.45189666748046875
0.47304126620292664
0.4888702630996704
0.4900199770927429
0.47750118374824524
0.41646406054496765
0.4471728503704071
0.4353293180465698
0.40803787112236023
0.4612506628036499
0.5770507454872131
0.5945677161216736
0.37873831391334534
0.42024698853492737
0.44859063625335693
0.5168091058731079
0.5007067918777466
0.558425784111023
0.5482538938522339
0.5162060260772705
0.6061821579933167
0.5714412927627563
0.5744823813438416
0.6401466131210327
0.6605960130691528
0.7430320382118225
0.7347875833511353
0.8095324635505676
0.32347843050956726
0.36916840076446533
0.3421366214752197
0.5395630598068237
0.4622691869735718
0.47490230202674866
0.5453511476516724
0.45196476578712463
0.5155414342880249
0.533836305141449
0.5016719698905945
0.4619906544685364
0.465309202671051
0.5058552622795105
0.5084987282752991
0.6039183735847473
0.6168428659439087
